2 0.888031 0.396907 0.216216 0.247423
11 0.888031 0.396907 0.216216 0.247423
16 0.888031 0.396907 0.216216 0.247423
0 0.965251 0.907216 0.061776 0.175258
11 0.965251 0.907216 0.061776 0.175258
15 0.965251 0.907216 0.061776 0.175258
0 0.343629 0.592784 0.115830 0.185567
13 0.343629 0.592784 0.115830 0.185567
15 0.343629 0.592784 0.115830 0.185567
0 0.044402 0.203608 0.081081 0.108247
10 0.044402 0.203608 0.081081 0.108247
15 0.044402 0.203608 0.081081 0.108247
2 0.249035 0.798969 0.498069 0.103093
6 0.249035 0.798969 0.498069 0.103093
16 0.249035 0.798969 0.498069 0.103093
