2 0.718147 0.876289 0.555985 0.237113
6 0.718147 0.876289 0.555985 0.237113
17 0.718147 0.876289 0.555985 0.237113
0 0.507722 0.765464 0.081081 0.118557
6 0.507722 0.765464 0.081081 0.118557
15 0.507722 0.765464 0.081081 0.118557
0 0.167954 0.791237 0.088803 0.170103
10 0.167954 0.791237 0.088803 0.170103
15 0.167954 0.791237 0.088803 0.170103
0 0.069498 0.706186 0.138996 0.103093
10 0.069498 0.706186 0.138996 0.103093
15 0.069498 0.706186 0.138996 0.103093
0 0.067568 0.819588 0.111969 0.154639
10 0.067568 0.819588 0.111969 0.154639
15 0.067568 0.819588 0.111969 0.154639
