0 0.135135 0.184615 0.270270 0.369231
10 0.135135 0.184615 0.270270 0.369231
16 0.135135 0.184615 0.270270 0.369231
2 0.403475 0.889744 0.498069 0.210256
6 0.403475 0.889744 0.498069 0.210256
16 0.403475 0.889744 0.498069 0.210256
0 0.899614 0.189744 0.193050 0.369231
11 0.899614 0.189744 0.193050 0.369231
16 0.899614 0.189744 0.193050 0.369231
0 0.903475 0.061538 0.077220 0.102564
7 0.903475 0.061538 0.077220 0.102564
15 0.903475 0.061538 0.077220 0.102564
0 0.416988 0.356410 0.092664 0.158974
8 0.416988 0.356410 0.092664 0.158974
15 0.416988 0.356410 0.092664 0.158974
0 0.882239 0.469231 0.158301 0.333333
11 0.882239 0.469231 0.158301 0.333333
16 0.882239 0.469231 0.158301 0.333333
0 0.270270 0.451282 0.084942 0.092308
10 0.270270 0.451282 0.084942 0.092308
15 0.270270 0.451282 0.084942 0.092308
0 0.301158 0.374359 0.061776 0.082051
10 0.301158 0.374359 0.061776 0.082051
15 0.301158 0.374359 0.061776 0.082051
