2 0.916376 0.838068 0.132404 0.312500
11 0.916376 0.838068 0.132404 0.312500
16 0.916376 0.838068 0.132404 0.312500
2 0.792683 0.326705 0.407666 0.653409
11 0.792683 0.326705 0.407666 0.653409
17 0.792683 0.326705 0.407666 0.653409
2 0.336237 0.403409 0.672474 0.806818
14 0.336237 0.403409 0.672474 0.806818
17 0.336237 0.403409 0.672474 0.806818
2 0.674216 0.562500 0.630662 0.659091
13 0.674216 0.562500 0.630662 0.659091
17 0.674216 0.562500 0.630662 0.659091
4 0.815331 0.886364 0.111498 0.215909
6 0.815331 0.886364 0.111498 0.215909
16 0.815331 0.886364 0.111498 0.215909
0 0.391986 0.767045 0.212544 0.454545
6 0.391986 0.767045 0.212544 0.454545
16 0.391986 0.767045 0.212544 0.454545
0 0.818815 0.392045 0.104530 0.125000
11 0.818815 0.392045 0.104530 0.125000
15 0.818815 0.392045 0.104530 0.125000
0 0.508711 0.678977 0.076655 0.164773
13 0.508711 0.678977 0.076655 0.164773
15 0.508711 0.678977 0.076655 0.164773
0 0.968641 0.170455 0.055749 0.113636
11 0.968641 0.170455 0.055749 0.113636
15 0.968641 0.170455 0.055749 0.113636
0 0.379791 0.392045 0.083624 0.125000
13 0.379791 0.392045 0.083624 0.125000
15 0.379791 0.392045 0.083624 0.125000
0 0.808362 0.568182 0.069686 0.125000
11 0.808362 0.568182 0.069686 0.125000
15 0.808362 0.568182 0.069686 0.125000
