2 0.477586 0.267241 0.955172 0.534483
8 0.477586 0.267241 0.955172 0.534483
17 0.477586 0.267241 0.955172 0.534483
0 0.462069 0.951149 0.055172 0.086207
6 0.462069 0.951149 0.055172 0.086207
15 0.462069 0.951149 0.055172 0.086207
0 0.037931 0.436782 0.055172 0.126437
10 0.037931 0.436782 0.055172 0.126437
15 0.037931 0.436782 0.055172 0.126437
2 0.146552 0.594828 0.265517 0.212644
10 0.146552 0.594828 0.265517 0.212644
16 0.146552 0.594828 0.265517 0.212644
2 0.612069 0.606322 0.555172 0.304598
13 0.612069 0.606322 0.555172 0.304598
16 0.612069 0.606322 0.555172 0.304598
