4 0.913127 0.902062 0.166023 0.185567
6 0.913127 0.902062 0.166023 0.185567
16 0.913127 0.902062 0.166023 0.185567
2 0.884170 0.103093 0.061776 0.082474
7 0.884170 0.103093 0.061776 0.082474
16 0.884170 0.103093 0.061776 0.082474
4 0.689189 0.716495 0.104247 0.154639
13 0.689189 0.716495 0.104247 0.154639
15 0.689189 0.716495 0.104247 0.154639
0 0.741313 0.768041 0.077220 0.103093
6 0.741313 0.768041 0.077220 0.103093
15 0.741313 0.768041 0.077220 0.103093
0 0.063707 0.554124 0.127413 0.139175
10 0.063707 0.554124 0.127413 0.139175
16 0.063707 0.554124 0.127413 0.139175
