0 0.044014 0.951977 0.088028 0.084746
13 0.044014 0.951977 0.088028 0.084746
15 0.044014 0.951977 0.088028 0.084746
2 0.536972 0.629944 0.919014 0.728814
14 0.536972 0.629944 0.919014 0.728814
17 0.536972 0.629944 0.919014 0.728814
2 0.607394 0.293785 0.778169 0.587571
8 0.607394 0.293785 0.778169 0.587571
17 0.607394 0.293785 0.778169 0.587571
4 0.059859 0.144068 0.119718 0.163842
10 0.059859 0.144068 0.119718 0.163842
16 0.059859 0.144068 0.119718 0.163842
0 0.714789 0.290960 0.161972 0.152542
9 0.714789 0.290960 0.161972 0.152542
16 0.714789 0.290960 0.161972 0.152542
0 0.242958 0.177966 0.105634 0.129944
12 0.242958 0.177966 0.105634 0.129944
15 0.242958 0.177966 0.105634 0.129944
