2 0.617761 0.945876 0.077220 0.097938
6 0.617761 0.945876 0.077220 0.097938
15 0.617761 0.945876 0.077220 0.097938
2 0.498069 0.280928 0.996139 0.561856
8 0.498069 0.280928 0.996139 0.561856
16 0.498069 0.280928 0.996139 0.561856
2 0.285714 0.507732 0.571429 0.974227
14 0.285714 0.507732 0.571429 0.974227
16 0.285714 0.507732 0.571429 0.974227
0 0.820463 0.744845 0.351351 0.500000
11 0.820463 0.744845 0.351351 0.500000
16 0.820463 0.744845 0.351351 0.500000
0 0.766409 0.585052 0.328185 0.273196
11 0.766409 0.585052 0.328185 0.273196
16 0.766409 0.585052 0.328185 0.273196
0 0.372587 0.641753 0.088803 0.097938
13 0.372587 0.641753 0.088803 0.097938
15 0.372587 0.641753 0.088803 0.097938
0 0.536680 0.811856 0.138996 0.170103
6 0.536680 0.811856 0.138996 0.170103
15 0.536680 0.811856 0.138996 0.170103
