2 0.169884 0.298969 0.339768 0.597938
10 0.169884 0.298969 0.339768 0.597938
17 0.169884 0.298969 0.339768 0.597938
2 0.498069 0.337629 0.996139 0.675258
14 0.498069 0.337629 0.996139 0.675258
17 0.498069 0.337629 0.996139 0.675258
2 0.498069 0.791237 0.996139 0.407216
6 0.498069 0.791237 0.996139 0.407216
16 0.498069 0.791237 0.996139 0.407216
0 0.712355 0.809278 0.235521 0.278351
6 0.712355 0.809278 0.235521 0.278351
15 0.712355 0.809278 0.235521 0.278351
3 0.845560 0.868557 0.108108 0.118557
6 0.845560 0.868557 0.108108 0.118557
15 0.845560 0.868557 0.108108 0.118557
0 0.081081 0.610825 0.162162 0.159794
10 0.081081 0.610825 0.162162 0.159794
16 0.081081 0.610825 0.162162 0.159794
0 0.583012 0.682990 0.138996 0.139175
13 0.583012 0.682990 0.138996 0.139175
15 0.583012 0.682990 0.138996 0.139175
0 0.496139 0.757732 0.104247 0.144330
6 0.496139 0.757732 0.104247 0.144330
15 0.496139 0.757732 0.104247 0.144330
0 0.214286 0.257732 0.142857 0.164948
10 0.214286 0.257732 0.142857 0.164948
15 0.214286 0.257732 0.142857 0.164948
0 0.461390 0.832474 0.212355 0.097938
6 0.461390 0.832474 0.212355 0.097938
15 0.461390 0.832474 0.212355 0.097938
0 0.922780 0.726804 0.077220 0.113402
11 0.922780 0.726804 0.077220 0.113402
15 0.922780 0.726804 0.077220 0.113402
