0 0.168896 0.711310 0.337793 0.565476
10 0.168896 0.711310 0.337793 0.565476
16 0.168896 0.711310 0.337793 0.565476
0 0.120401 0.413690 0.220736 0.196429
10 0.120401 0.413690 0.220736 0.196429
15 0.120401 0.413690 0.220736 0.196429
0 0.347826 0.458333 0.093645 0.107143
13 0.347826 0.458333 0.093645 0.107143
15 0.347826 0.458333 0.093645 0.107143
0 0.546823 0.324405 0.056856 0.113095
8 0.546823 0.324405 0.056856 0.113095
15 0.546823 0.324405 0.056856 0.113095
0 0.484950 0.404762 0.073579 0.119048
13 0.484950 0.404762 0.073579 0.119048
15 0.484950 0.404762 0.073579 0.119048
0 0.279264 0.461310 0.070234 0.101190
10 0.279264 0.461310 0.070234 0.101190
15 0.279264 0.461310 0.070234 0.101190
