2 0.498182 0.765027 0.996364 0.459016
6 0.498182 0.765027 0.996364 0.459016
17 0.498182 0.765027 0.996364 0.459016
4 0.674545 0.762295 0.367273 0.344262
6 0.674545 0.762295 0.367273 0.344262
16 0.674545 0.762295 0.367273 0.344262
0 0.127273 0.226776 0.254545 0.245902
10 0.127273 0.226776 0.254545 0.245902
16 0.127273 0.226776 0.254545 0.245902
2 0.263636 0.808743 0.527273 0.262295
6 0.263636 0.808743 0.527273 0.262295
17 0.263636 0.808743 0.527273 0.262295
0 0.841818 0.478142 0.069091 0.092896
11 0.841818 0.478142 0.069091 0.092896
15 0.841818 0.478142 0.069091 0.092896
