0 0.830116 0.917526 0.154440 0.154639
6 0.830116 0.917526 0.154440 0.154639
15 0.830116 0.917526 0.154440 0.154639
4 0.955598 0.896907 0.081081 0.195876
11 0.955598 0.896907 0.081081 0.195876
16 0.955598 0.896907 0.081081 0.195876
3 0.054054 0.548969 0.108108 0.118557
10 0.054054 0.548969 0.108108 0.118557
16 0.054054 0.548969 0.108108 0.118557
4 0.077220 0.365979 0.154440 0.298969
10 0.077220 0.365979 0.154440 0.298969
16 0.077220 0.365979 0.154440 0.298969
0 0.913127 0.154639 0.119691 0.113402
11 0.913127 0.154639 0.119691 0.113402
15 0.913127 0.154639 0.119691 0.113402
0 0.264479 0.507732 0.073359 0.077320
10 0.264479 0.507732 0.073359 0.077320
15 0.264479 0.507732 0.073359 0.077320
