2 0.498069 0.365979 0.996139 0.731959
14 0.498069 0.365979 0.996139 0.731959
17 0.498069 0.365979 0.996139 0.731959
0 0.880309 0.878866 0.231660 0.231959
6 0.880309 0.878866 0.231660 0.231959
15 0.880309 0.878866 0.231660 0.231959
0 0.598456 0.590206 0.162162 0.149485
13 0.598456 0.590206 0.162162 0.149485
15 0.598456 0.590206 0.162162 0.149485
0 0.428571 0.894330 0.285714 0.201031
6 0.428571 0.894330 0.285714 0.201031
15 0.428571 0.894330 0.285714 0.201031
0 0.675676 0.878866 0.231660 0.231959
6 0.675676 0.878866 0.231660 0.231959
15 0.675676 0.878866 0.231660 0.231959
0 0.129344 0.847938 0.258687 0.293814
6 0.129344 0.847938 0.258687 0.293814
16 0.129344 0.847938 0.258687 0.293814
0 0.747104 0.543814 0.088803 0.118557
11 0.747104 0.543814 0.088803 0.118557
15 0.747104 0.543814 0.088803 0.118557
0 0.965251 0.567010 0.061776 0.113402
11 0.965251 0.567010 0.061776 0.113402
15 0.965251 0.567010 0.061776 0.113402
0 0.513514 0.832474 0.092664 0.139175
6 0.513514 0.832474 0.092664 0.139175
15 0.513514 0.832474 0.092664 0.139175
