2 0.073333 0.788690 0.146667 0.410714
10 0.073333 0.788690 0.146667 0.410714
16 0.073333 0.788690 0.146667 0.410714
0 0.633333 0.116071 0.313333 0.232143
12 0.633333 0.116071 0.313333 0.232143
16 0.633333 0.116071 0.313333 0.232143
0 0.853333 0.901786 0.286667 0.148810
6 0.853333 0.901786 0.286667 0.148810
15 0.853333 0.901786 0.286667 0.148810
0 0.905000 0.172619 0.123333 0.297619
11 0.905000 0.172619 0.123333 0.297619
15 0.905000 0.172619 0.123333 0.297619
0 0.781667 0.127976 0.123333 0.220238
12 0.781667 0.127976 0.123333 0.220238
15 0.781667 0.127976 0.123333 0.220238
