4 0.893116 0.751366 0.206522 0.366120
11 0.893116 0.751366 0.206522 0.366120
16 0.893116 0.751366 0.206522 0.366120
2 0.768116 0.639344 0.086957 0.185792
11 0.768116 0.639344 0.086957 0.185792
15 0.768116 0.639344 0.086957 0.185792
2 0.894928 0.336066 0.202899 0.606557
11 0.894928 0.336066 0.202899 0.606557
16 0.894928 0.336066 0.202899 0.606557
4 0.585145 0.844262 0.235507 0.169399
6 0.585145 0.844262 0.235507 0.169399
15 0.585145 0.844262 0.235507 0.169399
2 0.498188 0.857923 0.996377 0.273224
6 0.498188 0.857923 0.996377 0.273224
16 0.498188 0.857923 0.996377 0.273224
2 0.326087 0.704918 0.108696 0.109290
13 0.326087 0.704918 0.108696 0.109290
15 0.326087 0.704918 0.108696 0.109290
0 0.699275 0.770492 0.108696 0.109290
6 0.699275 0.770492 0.108696 0.109290
15 0.699275 0.770492 0.108696 0.109290
0 0.943841 0.918033 0.105072 0.098361
11 0.943841 0.918033 0.105072 0.098361
15 0.943841 0.918033 0.105072 0.098361
