0 0.897683 0.889175 0.196911 0.211340
6 0.897683 0.889175 0.196911 0.211340
16 0.897683 0.889175 0.196911 0.211340
2 0.542471 0.778351 0.127413 0.288660
6 0.542471 0.778351 0.127413 0.288660
16 0.542471 0.778351 0.127413 0.288660
2 0.125483 0.943299 0.166023 0.103093
6 0.125483 0.943299 0.166023 0.103093
15 0.125483 0.943299 0.166023 0.103093
2 0.621622 0.912371 0.185328 0.164948
6 0.621622 0.912371 0.185328 0.164948
16 0.621622 0.912371 0.185328 0.164948
0 0.806950 0.832474 0.254826 0.324742
6 0.806950 0.832474 0.254826 0.324742
16 0.806950 0.832474 0.254826 0.324742
