0 0.172680 0.577220 0.345361 0.189189
10 0.172680 0.577220 0.345361 0.189189
16 0.172680 0.577220 0.345361 0.189189
0 0.095361 0.660232 0.159794 0.084942
10 0.095361 0.660232 0.159794 0.084942
15 0.095361 0.660232 0.159794 0.084942
0 0.224227 0.886100 0.149485 0.220077
6 0.224227 0.886100 0.149485 0.220077
15 0.224227 0.886100 0.149485 0.220077
0 0.229381 0.754826 0.108247 0.111969
10 0.229381 0.754826 0.108247 0.111969
15 0.229381 0.754826 0.108247 0.111969
0 0.056701 0.859073 0.113402 0.274131
10 0.056701 0.859073 0.113402 0.274131
15 0.056701 0.859073 0.113402 0.274131
