2 0.936293 0.420103 0.088803 0.097938
11 0.936293 0.420103 0.088803 0.097938
16 0.936293 0.420103 0.088803 0.097938
0 0.092664 0.103093 0.138996 0.134021
7 0.092664 0.103093 0.138996 0.134021
15 0.092664 0.103093 0.138996 0.134021
0 0.088803 0.231959 0.177606 0.195876
10 0.088803 0.231959 0.177606 0.195876
15 0.088803 0.231959 0.177606 0.195876
0 0.222008 0.840206 0.142857 0.195876
6 0.222008 0.840206 0.142857 0.195876
15 0.222008 0.840206 0.142857 0.195876
0 0.125483 0.907216 0.057915 0.123711
6 0.125483 0.907216 0.057915 0.123711
15 0.125483 0.907216 0.057915 0.123711
