2 0.297297 0.438144 0.447876 0.680412
10 0.297297 0.438144 0.447876 0.680412
17 0.297297 0.438144 0.447876 0.680412
4 0.362934 0.546392 0.162162 0.350515
13 0.362934 0.546392 0.162162 0.350515
16 0.362934 0.546392 0.162162 0.350515
4 0.048263 0.835052 0.096525 0.154639
10 0.048263 0.835052 0.096525 0.154639
15 0.048263 0.835052 0.096525 0.154639
0 0.100386 0.474227 0.200772 0.360825
10 0.100386 0.474227 0.200772 0.360825
16 0.100386 0.474227 0.200772 0.360825
0 0.944015 0.097938 0.104247 0.144330
7 0.944015 0.097938 0.104247 0.144330
15 0.944015 0.097938 0.104247 0.144330
