4 0.208889 0.457778 0.275556 0.195556
10 0.208889 0.457778 0.275556 0.195556
16 0.208889 0.457778 0.275556 0.195556
4 0.280000 0.208889 0.160000 0.124444
9 0.280000 0.208889 0.160000 0.124444
16 0.280000 0.208889 0.160000 0.124444
2 0.120000 0.231111 0.240000 0.462222
10 0.120000 0.231111 0.240000 0.462222
17 0.120000 0.231111 0.240000 0.462222
2 0.933333 0.917778 0.124444 0.155556
6 0.933333 0.917778 0.124444 0.155556
16 0.933333 0.917778 0.124444 0.155556
0 0.695556 0.326667 0.155556 0.155556
9 0.695556 0.326667 0.155556 0.155556
15 0.695556 0.326667 0.155556 0.155556
0 0.615556 0.226667 0.093333 0.071111
9 0.615556 0.226667 0.093333 0.071111
15 0.615556 0.226667 0.093333 0.071111
0 0.384444 0.080000 0.217778 0.160000
7 0.384444 0.080000 0.217778 0.160000
15 0.384444 0.080000 0.217778 0.160000
2 0.828889 0.955556 0.075556 0.080000
6 0.828889 0.955556 0.075556 0.080000
15 0.828889 0.955556 0.075556 0.080000
