2 0.793436 0.051546 0.405405 0.103093
7 0.793436 0.051546 0.405405 0.103093
16 0.793436 0.051546 0.405405 0.103093
3 0.063707 0.902062 0.127413 0.185567
6 0.063707 0.902062 0.127413 0.185567
16 0.063707 0.902062 0.127413 0.185567
0 0.254826 0.319588 0.509653 0.639175
10 0.254826 0.319588 0.509653 0.639175
16 0.254826 0.319588 0.509653 0.639175
2 0.268340 0.744845 0.536680 0.500000
6 0.268340 0.744845 0.536680 0.500000
17 0.268340 0.744845 0.536680 0.500000
0 0.210425 0.904639 0.227799 0.180412
6 0.210425 0.904639 0.227799 0.180412
16 0.210425 0.904639 0.227799 0.180412
0 0.949807 0.706186 0.092664 0.134021
11 0.949807 0.706186 0.092664 0.134021
15 0.949807 0.706186 0.092664 0.134021
