2 0.343629 0.069588 0.324324 0.139175
7 0.343629 0.069588 0.324324 0.139175
16 0.343629 0.069588 0.324324 0.139175
0 0.803089 0.268041 0.386100 0.536082
11 0.803089 0.268041 0.386100 0.536082
16 0.803089 0.268041 0.386100 0.536082
4 0.119691 0.090206 0.138996 0.118557
7 0.119691 0.090206 0.138996 0.118557
15 0.119691 0.090206 0.138996 0.118557
3 0.594595 0.747423 0.362934 0.391753
6 0.594595 0.747423 0.362934 0.391753
16 0.594595 0.747423 0.362934 0.391753
2 0.077220 0.731959 0.138996 0.113402
10 0.077220 0.731959 0.138996 0.113402
15 0.077220 0.731959 0.138996 0.113402
0 0.355212 0.278351 0.347490 0.103093
9 0.355212 0.278351 0.347490 0.103093
15 0.355212 0.278351 0.347490 0.103093
