2 0.955598 0.783505 0.081081 0.123711
11 0.955598 0.783505 0.081081 0.123711
16 0.955598 0.783505 0.081081 0.123711
0 0.903475 0.922680 0.185328 0.144330
6 0.903475 0.922680 0.185328 0.144330
16 0.903475 0.922680 0.185328 0.144330
0 0.849421 0.731959 0.146718 0.134021
11 0.849421 0.731959 0.146718 0.134021
16 0.849421 0.731959 0.146718 0.134021
0 0.088803 0.618557 0.131274 0.103093
10 0.088803 0.618557 0.131274 0.103093
15 0.088803 0.618557 0.131274 0.103093
0 0.355212 0.677835 0.131274 0.097938
13 0.355212 0.677835 0.131274 0.097938
15 0.355212 0.677835 0.131274 0.097938
