2 0.050909 0.092896 0.101818 0.185792
7 0.050909 0.092896 0.101818 0.185792
16 0.050909 0.092896 0.101818 0.185792
2 0.283636 0.756831 0.450909 0.278689
6 0.283636 0.756831 0.450909 0.278689
16 0.283636 0.756831 0.450909 0.278689
0 0.854545 0.734973 0.283636 0.519126
11 0.854545 0.734973 0.283636 0.519126
16 0.854545 0.734973 0.283636 0.519126
0 0.818182 0.732240 0.123636 0.131148
11 0.818182 0.732240 0.123636 0.131148
15 0.818182 0.732240 0.123636 0.131148
0 0.720000 0.754098 0.087273 0.131148
6 0.720000 0.754098 0.087273 0.131148
15 0.720000 0.754098 0.087273 0.131148
2 0.200000 0.584699 0.400000 0.109290
10 0.200000 0.584699 0.400000 0.109290
16 0.200000 0.584699 0.400000 0.109290
