2 0.198276 0.344828 0.396552 0.689655
10 0.198276 0.344828 0.396552 0.689655
17 0.198276 0.344828 0.396552 0.689655
0 0.455172 0.885057 0.131034 0.114943
6 0.455172 0.885057 0.131034 0.114943
15 0.455172 0.885057 0.131034 0.114943
0 0.817241 0.729885 0.158621 0.114943
11 0.817241 0.729885 0.158621 0.114943
15 0.817241 0.729885 0.158621 0.114943
0 0.705172 0.321839 0.051724 0.126437
8 0.705172 0.321839 0.051724 0.126437
15 0.705172 0.321839 0.051724 0.126437
0 0.684483 0.787356 0.106897 0.091954
6 0.684483 0.787356 0.106897 0.091954
15 0.684483 0.787356 0.106897 0.091954
