1 0.498077 0.100515 0.996154 0.201031
7 0.498077 0.100515 0.996154 0.201031
17 0.498077 0.100515 0.996154 0.201031
4 0.215385 0.938144 0.123077 0.113402
6 0.215385 0.938144 0.123077 0.113402
15 0.215385 0.938144 0.123077 0.113402
2 0.615385 0.935567 0.761538 0.118557
6 0.615385 0.935567 0.761538 0.118557
16 0.615385 0.935567 0.761538 0.118557
2 0.498077 0.817010 0.996154 0.304124
6 0.498077 0.817010 0.996154 0.304124
16 0.498077 0.817010 0.996154 0.304124
2 0.498077 0.402062 0.996154 0.628866
14 0.498077 0.402062 0.996154 0.628866
16 0.498077 0.402062 0.996154 0.628866
