2 0.038660 0.872587 0.077320 0.138996
10 0.038660 0.872587 0.077320 0.138996
15 0.038660 0.872587 0.077320 0.138996
0 0.932990 0.193050 0.123711 0.069498
11 0.932990 0.193050 0.123711 0.069498
15 0.932990 0.193050 0.123711 0.069498
2 0.497423 0.345560 0.994845 0.691120
14 0.497423 0.345560 0.994845 0.691120
17 0.497423 0.345560 0.994845 0.691120
3 0.664948 0.216216 0.659794 0.370656
9 0.664948 0.216216 0.659794 0.370656
16 0.664948 0.216216 0.659794 0.370656
3 0.786082 0.548263 0.417526 0.285714
11 0.786082 0.548263 0.417526 0.285714
17 0.786082 0.548263 0.417526 0.285714
2 0.634021 0.776062 0.721649 0.440154
6 0.634021 0.776062 0.721649 0.440154
17 0.634021 0.776062 0.721649 0.440154
0 0.899485 0.362934 0.139175 0.077220
11 0.899485 0.362934 0.139175 0.077220
15 0.899485 0.362934 0.139175 0.077220
0 0.945876 0.698842 0.097938 0.092664
11 0.945876 0.698842 0.097938 0.092664
15 0.945876 0.698842 0.097938 0.092664
0 0.396907 0.681467 0.123711 0.104247
13 0.396907 0.681467 0.123711 0.104247
15 0.396907 0.681467 0.123711 0.104247
0 0.182990 0.963320 0.097938 0.065637
6 0.182990 0.963320 0.097938 0.065637
15 0.182990 0.963320 0.097938 0.065637
2 0.085052 0.957529 0.118557 0.077220
6 0.085052 0.957529 0.118557 0.077220
16 0.085052 0.957529 0.118557 0.077220
0 0.131443 0.857143 0.128866 0.108108
6 0.131443 0.857143 0.128866 0.108108
15 0.131443 0.857143 0.128866 0.108108
0 0.257732 0.949807 0.103093 0.084942
6 0.257732 0.949807 0.103093 0.084942
15 0.257732 0.949807 0.103093 0.084942
0 0.317010 0.839768 0.149485 0.150579
6 0.317010 0.839768 0.149485 0.150579
15 0.317010 0.839768 0.149485 0.150579
0 0.814433 0.150579 0.123711 0.061776
7 0.814433 0.150579 0.123711 0.061776
15 0.814433 0.150579 0.123711 0.061776
0 0.786082 0.229730 0.128866 0.073359
11 0.786082 0.229730 0.128866 0.073359
15 0.786082 0.229730 0.128866 0.073359
