2 0.183398 0.729381 0.366795 0.530928
10 0.183398 0.729381 0.366795 0.530928
16 0.183398 0.729381 0.366795 0.530928
3 0.637066 0.755155 0.262548 0.355670
6 0.637066 0.755155 0.262548 0.355670
16 0.637066 0.755155 0.262548 0.355670
0 0.615830 0.940722 0.150579 0.097938
6 0.615830 0.940722 0.150579 0.097938
15 0.615830 0.940722 0.150579 0.097938
0 0.038610 0.435567 0.077220 0.139175
10 0.038610 0.435567 0.077220 0.139175
15 0.038610 0.435567 0.077220 0.139175
0 0.888031 0.698454 0.216216 0.190722
11 0.888031 0.698454 0.216216 0.190722
16 0.888031 0.698454 0.216216 0.190722
