3 0.942085 0.902062 0.108108 0.185567
6 0.942085 0.902062 0.108108 0.185567
16 0.942085 0.902062 0.108108 0.185567
0 0.874517 0.716495 0.243243 0.195876
11 0.874517 0.716495 0.243243 0.195876
16 0.874517 0.716495 0.243243 0.195876
0 0.880309 0.461340 0.108108 0.097938
11 0.880309 0.461340 0.108108 0.097938
15 0.880309 0.461340 0.108108 0.097938
3 0.349421 0.043814 0.258687 0.077320
7 0.349421 0.043814 0.258687 0.077320
16 0.349421 0.043814 0.258687 0.077320
0 0.861004 0.556701 0.154440 0.216495
11 0.861004 0.556701 0.154440 0.216495
15 0.861004 0.556701 0.154440 0.216495
