4 0.629464 0.772321 0.196429 0.223214
6 0.629464 0.772321 0.196429 0.223214
16 0.629464 0.772321 0.196429 0.223214
4 0.720982 0.667411 0.120536 0.075893
11 0.720982 0.667411 0.120536 0.075893
15 0.720982 0.667411 0.120536 0.075893
3 0.198661 0.790179 0.397321 0.410714
6 0.198661 0.790179 0.397321 0.410714
17 0.198661 0.790179 0.397321 0.410714
2 0.138393 0.388393 0.276786 0.178571
10 0.138393 0.388393 0.276786 0.178571
16 0.138393 0.388393 0.276786 0.178571
4 0.312500 0.448661 0.125000 0.111607
13 0.312500 0.448661 0.125000 0.111607
16 0.312500 0.448661 0.125000 0.111607
