4 0.179537 0.092784 0.166023 0.185567
7 0.179537 0.092784 0.166023 0.185567
16 0.179537 0.092784 0.166023 0.185567
0 0.594595 0.904639 0.138996 0.180412
6 0.594595 0.904639 0.138996 0.180412
16 0.594595 0.904639 0.138996 0.180412
2 0.243243 0.329897 0.231660 0.103093
10 0.243243 0.329897 0.231660 0.103093
16 0.243243 0.329897 0.231660 0.103093
4 0.214286 0.134021 0.088803 0.103093
7 0.214286 0.134021 0.088803 0.103093
16 0.214286 0.134021 0.088803 0.103093
4 0.038610 0.113402 0.077220 0.154639
10 0.038610 0.113402 0.077220 0.154639
16 0.038610 0.113402 0.077220 0.154639
0 0.936293 0.623711 0.119691 0.113402
11 0.936293 0.623711 0.119691 0.113402
15 0.936293 0.623711 0.119691 0.113402
4 0.955598 0.054124 0.081081 0.108247
13 0.955598 0.054124 0.081081 0.108247
15 0.955598 0.054124 0.081081 0.108247
