0 0.368726 0.103093 0.181467 0.206186
7 0.368726 0.103093 0.181467 0.206186
15 0.368726 0.103093 0.181467 0.206186
2 0.067568 0.474227 0.135135 0.154639
10 0.067568 0.474227 0.135135 0.154639
16 0.067568 0.474227 0.135135 0.154639
0 0.364865 0.899485 0.096525 0.108247
6 0.364865 0.899485 0.096525 0.108247
15 0.364865 0.899485 0.096525 0.108247
0 0.333977 0.435567 0.127413 0.170103
13 0.333977 0.435567 0.127413 0.170103
15 0.333977 0.435567 0.127413 0.170103
0 0.106178 0.146907 0.212355 0.170103
7 0.106178 0.146907 0.212355 0.170103
15 0.106178 0.146907 0.212355 0.170103
