0 0.187259 0.938144 0.119691 0.113402
6 0.187259 0.938144 0.119691 0.113402
15 0.187259 0.938144 0.119691 0.113402
0 0.316602 0.907216 0.185328 0.175258
6 0.316602 0.907216 0.185328 0.175258
15 0.316602 0.907216 0.185328 0.175258
2 0.067568 0.927835 0.135135 0.134021
6 0.067568 0.927835 0.135135 0.134021
16 0.067568 0.927835 0.135135 0.134021
2 0.694981 0.912371 0.594595 0.164948
6 0.694981 0.912371 0.594595 0.164948
16 0.694981 0.912371 0.594595 0.164948
4 0.901544 0.677835 0.189189 0.242268
11 0.901544 0.677835 0.189189 0.242268
16 0.901544 0.677835 0.189189 0.242268
