3 0.769406 0.163043 0.452055 0.326087
12 0.769406 0.163043 0.452055 0.326087
17 0.769406 0.163043 0.452055 0.326087
0 0.901826 0.932609 0.187215 0.126087
6 0.901826 0.932609 0.187215 0.126087
15 0.901826 0.932609 0.187215 0.126087
0 0.732877 0.773913 0.515982 0.443478
6 0.732877 0.773913 0.515982 0.443478
16 0.732877 0.773913 0.515982 0.443478
0 0.100457 0.063043 0.136986 0.126087
7 0.100457 0.063043 0.136986 0.126087
15 0.100457 0.063043 0.136986 0.126087
2 0.840183 0.493478 0.191781 0.143478
11 0.840183 0.493478 0.191781 0.143478
15 0.840183 0.493478 0.191781 0.143478
0 0.465753 0.717391 0.118721 0.078261
6 0.465753 0.717391 0.118721 0.078261
15 0.465753 0.717391 0.118721 0.078261
