2 0.077220 0.293814 0.154440 0.154639
10 0.077220 0.293814 0.154440 0.154639
16 0.077220 0.293814 0.154440 0.154639
2 0.698842 0.706186 0.077220 0.257732
11 0.698842 0.706186 0.077220 0.257732
16 0.698842 0.706186 0.077220 0.257732
2 0.951737 0.445876 0.088803 0.469072
11 0.951737 0.445876 0.088803 0.469072
16 0.951737 0.445876 0.088803 0.469072
2 0.538610 0.739691 0.096525 0.139175
6 0.538610 0.739691 0.096525 0.139175
15 0.538610 0.739691 0.096525 0.139175
4 0.743243 0.922680 0.505792 0.144330
6 0.743243 0.922680 0.505792 0.144330
15 0.743243 0.922680 0.505792 0.144330
