2 0.946154 0.953608 0.100000 0.082474
13 0.946154 0.953608 0.100000 0.082474
15 0.946154 0.953608 0.100000 0.082474
2 0.140385 0.069588 0.250000 0.139175
7 0.140385 0.069588 0.250000 0.139175
16 0.140385 0.069588 0.250000 0.139175
2 0.434615 0.097938 0.392308 0.195876
7 0.434615 0.097938 0.392308 0.195876
16 0.434615 0.097938 0.392308 0.195876
2 0.746154 0.389175 0.500000 0.293814
11 0.746154 0.389175 0.500000 0.293814
16 0.746154 0.389175 0.500000 0.293814
0 0.892308 0.863402 0.092308 0.139175
6 0.892308 0.863402 0.092308 0.139175
15 0.892308 0.863402 0.092308 0.139175
0 0.069231 0.309278 0.138462 0.216495
10 0.069231 0.309278 0.138462 0.216495
15 0.069231 0.309278 0.138462 0.216495
0 0.623077 0.208763 0.069231 0.077320
9 0.623077 0.208763 0.069231 0.077320
15 0.623077 0.208763 0.069231 0.077320
