3 0.677606 0.265464 0.637066 0.530928
8 0.677606 0.265464 0.637066 0.530928
17 0.677606 0.265464 0.637066 0.530928
0 0.866795 0.806701 0.258687 0.242268
11 0.866795 0.806701 0.258687 0.242268
16 0.866795 0.806701 0.258687 0.242268
3 0.422780 0.188144 0.073359 0.118557
12 0.422780 0.188144 0.073359 0.118557
16 0.422780 0.188144 0.073359 0.118557
0 0.922780 0.417526 0.092664 0.082474
11 0.922780 0.417526 0.092664 0.082474
15 0.922780 0.417526 0.092664 0.082474
0 0.391892 0.327320 0.081081 0.087629
8 0.391892 0.327320 0.081081 0.087629
15 0.391892 0.327320 0.081081 0.087629
0 0.148649 0.376289 0.196911 0.144330
10 0.148649 0.376289 0.196911 0.144330
15 0.148649 0.376289 0.196911 0.144330
