2 0.610345 0.189655 0.386207 0.379310
12 0.610345 0.189655 0.386207 0.379310
17 0.610345 0.189655 0.386207 0.379310
0 0.056897 0.060345 0.113793 0.120690
7 0.056897 0.060345 0.113793 0.120690
15 0.056897 0.060345 0.113793 0.120690
2 0.231034 0.356322 0.462069 0.712644
10 0.231034 0.356322 0.462069 0.712644
16 0.231034 0.356322 0.462069 0.712644
2 0.160345 0.764368 0.320690 0.252874
10 0.160345 0.764368 0.320690 0.252874
16 0.160345 0.764368 0.320690 0.252874
2 0.775862 0.250000 0.441379 0.500000
11 0.775862 0.250000 0.441379 0.500000
17 0.775862 0.250000 0.441379 0.500000
3 0.618966 0.497126 0.237931 0.614943
13 0.618966 0.497126 0.237931 0.614943
16 0.618966 0.497126 0.237931 0.614943
