3 0.482625 0.242268 0.347490 0.484536
9 0.482625 0.242268 0.347490 0.484536
17 0.482625 0.242268 0.347490 0.484536
2 0.886100 0.048969 0.220077 0.097938
7 0.886100 0.048969 0.220077 0.097938
16 0.886100 0.048969 0.220077 0.097938
2 0.760618 0.265464 0.471042 0.417526
9 0.760618 0.265464 0.471042 0.417526
16 0.760618 0.265464 0.471042 0.417526
2 0.870656 0.409794 0.073359 0.097938
11 0.870656 0.409794 0.073359 0.097938
16 0.870656 0.409794 0.073359 0.097938
2 0.899614 0.471649 0.193050 0.242268
11 0.899614 0.471649 0.193050 0.242268
16 0.899614 0.471649 0.193050 0.242268
