0 0.069588 0.891892 0.139175 0.084942
10 0.069588 0.891892 0.139175 0.084942
15 0.069588 0.891892 0.139175 0.084942
0 0.056701 0.959459 0.113402 0.073359
13 0.056701 0.959459 0.113402 0.073359
15 0.056701 0.959459 0.113402 0.073359
3 0.136598 0.694981 0.273196 0.162162
10 0.136598 0.694981 0.273196 0.162162
16 0.136598 0.694981 0.273196 0.162162
2 0.577320 0.198842 0.835052 0.397683
9 0.577320 0.198842 0.835052 0.397683
17 0.577320 0.198842 0.835052 0.397683
2 0.146907 0.519305 0.293814 0.250965
10 0.146907 0.519305 0.293814 0.250965
16 0.146907 0.519305 0.293814 0.250965
2 0.572165 0.681467 0.845361 0.629344
14 0.572165 0.681467 0.845361 0.629344
16 0.572165 0.681467 0.845361 0.629344
0 0.123711 0.167954 0.247423 0.335907
10 0.123711 0.167954 0.247423 0.335907
16 0.123711 0.167954 0.247423 0.335907
2 0.198454 0.407336 0.149485 0.096525
10 0.198454 0.407336 0.149485 0.096525
15 0.198454 0.407336 0.149485 0.096525
2 0.677835 0.681467 0.304124 0.111969
13 0.677835 0.681467 0.304124 0.111969
15 0.677835 0.681467 0.304124 0.111969
2 0.407216 0.388031 0.288660 0.088803
13 0.407216 0.388031 0.288660 0.088803
15 0.407216 0.388031 0.288660 0.088803
0 0.440722 0.656371 0.108247 0.061776
13 0.440722 0.656371 0.108247 0.061776
15 0.440722 0.656371 0.108247 0.061776
0 0.097938 0.932432 0.092784 0.065637
6 0.097938 0.932432 0.092784 0.065637
15 0.097938 0.932432 0.092784 0.065637
