2 0.673745 0.069588 0.158301 0.139175
7 0.673745 0.069588 0.158301 0.139175
16 0.673745 0.069588 0.158301 0.139175
3 0.839768 0.213918 0.312741 0.427835
11 0.839768 0.213918 0.312741 0.427835
17 0.839768 0.213918 0.312741 0.427835
2 0.069498 0.314433 0.138996 0.103093
10 0.069498 0.314433 0.138996 0.103093
16 0.069498 0.314433 0.138996 0.103093
0 0.824324 0.425258 0.266409 0.345361
11 0.824324 0.425258 0.266409 0.345361
16 0.824324 0.425258 0.266409 0.345361
2 0.642857 0.804124 0.088803 0.154639
6 0.642857 0.804124 0.088803 0.154639
16 0.642857 0.804124 0.088803 0.154639
