0 0.946009 0.415254 0.098592 0.127119
11 0.946009 0.415254 0.098592 0.127119
15 0.946009 0.415254 0.098592 0.127119
2 0.840376 0.720339 0.309859 0.550847
11 0.840376 0.720339 0.309859 0.550847
17 0.840376 0.720339 0.309859 0.550847
0 0.415493 0.311441 0.239437 0.216102
9 0.415493 0.311441 0.239437 0.216102
16 0.415493 0.311441 0.239437 0.216102
0 0.356808 0.762712 0.140845 0.127119
6 0.356808 0.762712 0.140845 0.127119
15 0.356808 0.762712 0.140845 0.127119
0 0.732394 0.802966 0.084507 0.105932
6 0.732394 0.802966 0.084507 0.105932
15 0.732394 0.802966 0.084507 0.105932
0 0.413146 0.550847 0.084507 0.084746
13 0.413146 0.550847 0.084507 0.084746
15 0.413146 0.550847 0.084507 0.084746
0 0.215962 0.629237 0.431925 0.639831
10 0.215962 0.629237 0.431925 0.639831
16 0.215962 0.629237 0.431925 0.639831
