2 0.480000 0.950820 0.487273 0.087432
6 0.480000 0.950820 0.487273 0.087432
16 0.480000 0.950820 0.487273 0.087432
2 0.852727 0.942623 0.236364 0.103825
6 0.852727 0.942623 0.236364 0.103825
16 0.852727 0.942623 0.236364 0.103825
2 0.498182 0.836066 0.996364 0.316940
6 0.498182 0.836066 0.996364 0.316940
17 0.498182 0.836066 0.996364 0.316940
2 0.498182 0.513661 0.996364 0.699454
14 0.498182 0.513661 0.996364 0.699454
17 0.498182 0.513661 0.996364 0.699454
2 0.781818 0.106557 0.429091 0.180328
7 0.781818 0.106557 0.429091 0.180328
16 0.781818 0.106557 0.429091 0.180328
