0 0.050193 0.713918 0.100386 0.159794
10 0.050193 0.713918 0.100386 0.159794
15 0.050193 0.713918 0.100386 0.159794
4 0.938224 0.108247 0.115830 0.216495
7 0.938224 0.108247 0.115830 0.216495
15 0.938224 0.108247 0.115830 0.216495
0 0.947876 0.778351 0.096525 0.103093
11 0.947876 0.778351 0.096525 0.103093
15 0.947876 0.778351 0.096525 0.103093
0 0.739382 0.775773 0.073359 0.108247
6 0.739382 0.775773 0.073359 0.108247
15 0.739382 0.775773 0.073359 0.108247
0 0.837838 0.822165 0.131274 0.149485
6 0.837838 0.822165 0.131274 0.149485
15 0.837838 0.822165 0.131274 0.149485
