2 0.709615 0.273196 0.188462 0.154639
9 0.709615 0.273196 0.188462 0.154639
16 0.709615 0.273196 0.188462 0.154639
3 0.886538 0.747423 0.219231 0.494845
11 0.886538 0.747423 0.219231 0.494845
16 0.886538 0.747423 0.219231 0.494845
2 0.730769 0.476804 0.138462 0.087629
11 0.730769 0.476804 0.138462 0.087629
16 0.730769 0.476804 0.138462 0.087629
3 0.423077 0.809278 0.846154 0.371134
6 0.423077 0.809278 0.846154 0.371134
16 0.423077 0.809278 0.846154 0.371134
0 0.290385 0.719072 0.080769 0.097938
10 0.290385 0.719072 0.080769 0.097938
15 0.290385 0.719072 0.080769 0.097938
0 0.515385 0.752577 0.153846 0.154639
6 0.515385 0.752577 0.153846 0.154639
15 0.515385 0.752577 0.153846 0.154639
0 0.196154 0.708763 0.076923 0.087629
10 0.196154 0.708763 0.076923 0.087629
15 0.196154 0.708763 0.076923 0.087629
