2 0.725869 0.100515 0.540541 0.201031
7 0.725869 0.100515 0.540541 0.201031
17 0.725869 0.100515 0.540541 0.201031
3 0.036680 0.943299 0.073359 0.103093
13 0.036680 0.943299 0.073359 0.103093
16 0.036680 0.943299 0.073359 0.103093
2 0.249035 0.404639 0.498069 0.809278
10 0.249035 0.404639 0.498069 0.809278
16 0.249035 0.404639 0.498069 0.809278
2 0.710425 0.798969 0.571429 0.381443
6 0.710425 0.798969 0.571429 0.381443
16 0.710425 0.798969 0.571429 0.381443
2 0.563707 0.945876 0.115830 0.097938
6 0.563707 0.945876 0.115830 0.097938
16 0.563707 0.945876 0.115830 0.097938
0 0.218147 0.755155 0.119691 0.128866
10 0.218147 0.755155 0.119691 0.128866
15 0.218147 0.755155 0.119691 0.128866
2 0.409266 0.943299 0.177606 0.103093
6 0.409266 0.943299 0.177606 0.103093
16 0.409266 0.943299 0.177606 0.103093
0 0.899614 0.840206 0.193050 0.175258
11 0.899614 0.840206 0.193050 0.175258
15 0.899614 0.840206 0.193050 0.175258
0 0.542471 0.278351 0.150579 0.226804
9 0.542471 0.278351 0.150579 0.226804
15 0.542471 0.278351 0.150579 0.226804
0 0.675676 0.345361 0.108108 0.154639
8 0.675676 0.345361 0.108108 0.154639
15 0.675676 0.345361 0.108108 0.154639
3 0.505792 0.533505 0.455598 0.262887
13 0.505792 0.533505 0.455598 0.262887
16 0.505792 0.533505 0.455598 0.262887
0 0.370656 0.628866 0.200772 0.257732
13 0.370656 0.628866 0.200772 0.257732
16 0.370656 0.628866 0.200772 0.257732
0 0.581081 0.152062 0.096525 0.097938
7 0.581081 0.152062 0.096525 0.097938
15 0.581081 0.152062 0.096525 0.097938
