2 0.866795 0.201031 0.258687 0.402062
11 0.866795 0.201031 0.258687 0.402062
16 0.866795 0.201031 0.258687 0.402062
2 0.362934 0.224227 0.725869 0.448454
9 0.362934 0.224227 0.725869 0.448454
17 0.362934 0.224227 0.725869 0.448454
2 0.698842 0.654639 0.594595 0.680412
11 0.698842 0.654639 0.594595 0.680412
17 0.698842 0.654639 0.594595 0.680412
2 0.254826 0.631443 0.231660 0.170103
10 0.254826 0.631443 0.231660 0.170103
16 0.254826 0.631443 0.231660 0.170103
0 0.096525 0.574742 0.193050 0.314433
10 0.096525 0.574742 0.193050 0.314433
16 0.096525 0.574742 0.193050 0.314433
0 0.133205 0.817010 0.266409 0.211340
6 0.133205 0.817010 0.266409 0.211340
16 0.133205 0.817010 0.266409 0.211340
0 0.426641 0.376289 0.266409 0.381443
13 0.426641 0.376289 0.266409 0.381443
16 0.426641 0.376289 0.266409 0.381443
0 0.918919 0.693299 0.154440 0.139175
11 0.918919 0.693299 0.154440 0.139175
15 0.918919 0.693299 0.154440 0.139175
0 0.965251 0.760309 0.061776 0.077320
11 0.965251 0.760309 0.061776 0.077320
15 0.965251 0.760309 0.061776 0.077320
