2 0.497778 0.366667 0.995556 0.724444
14 0.497778 0.366667 0.995556 0.724444
17 0.497778 0.366667 0.995556 0.724444
2 0.908889 0.800000 0.173333 0.080000
11 0.908889 0.800000 0.173333 0.080000
16 0.908889 0.800000 0.173333 0.080000
2 0.497778 0.713333 0.995556 0.297778
6 0.497778 0.713333 0.995556 0.297778
17 0.497778 0.713333 0.995556 0.297778
2 0.328889 0.104444 0.471111 0.208889
7 0.328889 0.104444 0.471111 0.208889
16 0.328889 0.104444 0.471111 0.208889
4 0.622222 0.868889 0.213333 0.093333
6 0.622222 0.868889 0.213333 0.093333
15 0.622222 0.868889 0.213333 0.093333
0 0.857778 0.608889 0.106667 0.106667
11 0.857778 0.608889 0.106667 0.106667
15 0.857778 0.608889 0.106667 0.106667
2 0.631111 0.122222 0.364444 0.093333
7 0.631111 0.122222 0.364444 0.093333
16 0.631111 0.122222 0.364444 0.093333
