0 0.793436 0.951031 0.127413 0.087629
6 0.793436 0.951031 0.127413 0.087629
15 0.793436 0.951031 0.127413 0.087629
0 0.667954 0.938144 0.108108 0.113402
6 0.667954 0.938144 0.108108 0.113402
15 0.667954 0.938144 0.108108 0.113402
3 0.318533 0.775773 0.637066 0.438144
6 0.318533 0.775773 0.637066 0.438144
17 0.318533 0.775773 0.637066 0.438144
0 0.044402 0.520619 0.088803 0.103093
10 0.044402 0.520619 0.088803 0.103093
15 0.044402 0.520619 0.088803 0.103093
0 0.030888 0.412371 0.061776 0.103093
10 0.030888 0.412371 0.061776 0.103093
15 0.030888 0.412371 0.061776 0.103093
0 0.517375 0.737113 0.069498 0.092784
6 0.517375 0.737113 0.069498 0.092784
15 0.517375 0.737113 0.069498 0.092784
