4 0.090301 0.116071 0.180602 0.232143
7 0.090301 0.116071 0.180602 0.232143
16 0.090301 0.116071 0.180602 0.232143
2 0.416388 0.898810 0.672241 0.190476
6 0.416388 0.898810 0.672241 0.190476
16 0.416388 0.898810 0.672241 0.190476
0 0.903010 0.845238 0.053512 0.130952
11 0.903010 0.845238 0.053512 0.130952
15 0.903010 0.845238 0.053512 0.130952
0 0.968227 0.086310 0.050167 0.125000
13 0.968227 0.086310 0.050167 0.125000
15 0.968227 0.086310 0.050167 0.125000
0 0.939799 0.532738 0.053512 0.101190
11 0.939799 0.532738 0.053512 0.101190
15 0.939799 0.532738 0.053512 0.101190
0 0.090301 0.354167 0.180602 0.148810
10 0.090301 0.354167 0.180602 0.148810
15 0.090301 0.354167 0.180602 0.148810
