2 0.664444 0.757778 0.662222 0.333333
6 0.664444 0.757778 0.662222 0.333333
17 0.664444 0.757778 0.662222 0.333333
2 0.111111 0.668889 0.222222 0.457778
10 0.111111 0.668889 0.222222 0.457778
17 0.111111 0.668889 0.222222 0.457778
4 0.497778 0.442222 0.995556 0.733333
14 0.497778 0.442222 0.995556 0.733333
17 0.497778 0.442222 0.995556 0.733333
4 0.331111 0.168889 0.662222 0.337778
12 0.331111 0.168889 0.662222 0.337778
17 0.331111 0.168889 0.662222 0.337778
4 0.324444 0.802222 0.124444 0.066667
6 0.324444 0.802222 0.124444 0.066667
15 0.324444 0.802222 0.124444 0.066667
2 0.691111 0.886667 0.608889 0.146667
6 0.691111 0.886667 0.608889 0.146667
16 0.691111 0.886667 0.608889 0.146667
