2 0.069498 0.038660 0.108108 0.077320
7 0.069498 0.038660 0.108108 0.077320
16 0.069498 0.038660 0.108108 0.077320
3 0.449807 0.061856 0.088803 0.123711
7 0.449807 0.061856 0.088803 0.123711
16 0.449807 0.061856 0.088803 0.123711
3 0.102317 0.899485 0.204633 0.190722
6 0.102317 0.899485 0.204633 0.190722
16 0.102317 0.899485 0.204633 0.190722
3 0.395753 0.701031 0.235521 0.443299
13 0.395753 0.701031 0.235521 0.443299
16 0.395753 0.701031 0.235521 0.443299
0 0.196911 0.097938 0.138996 0.103093
7 0.196911 0.097938 0.138996 0.103093
16 0.196911 0.097938 0.138996 0.103093
2 0.965251 0.149485 0.061776 0.216495
11 0.965251 0.149485 0.061776 0.216495
16 0.965251 0.149485 0.061776 0.216495
