3 0.956186 0.065385 0.077320 0.084615
13 0.956186 0.065385 0.077320 0.084615
16 0.956186 0.065385 0.077320 0.084615
3 0.056701 0.932692 0.113402 0.126923
6 0.056701 0.932692 0.113402 0.126923
16 0.056701 0.932692 0.113402 0.126923
2 0.497423 0.280769 0.994845 0.561538
8 0.497423 0.280769 0.994845 0.561538
16 0.497423 0.280769 0.994845 0.561538
2 0.497423 0.688462 0.994845 0.569231
14 0.497423 0.688462 0.994845 0.569231
17 0.497423 0.688462 0.994845 0.569231
2 0.394330 0.669231 0.170103 0.138462
13 0.394330 0.669231 0.170103 0.138462
16 0.394330 0.669231 0.170103 0.138462
0 0.765464 0.615385 0.242268 0.161538
11 0.765464 0.615385 0.242268 0.161538
16 0.765464 0.615385 0.242268 0.161538
2 0.945876 0.913462 0.097938 0.088462
11 0.945876 0.913462 0.097938 0.088462
15 0.945876 0.913462 0.097938 0.088462
