3 0.828185 0.917526 0.305019 0.154639
6 0.828185 0.917526 0.305019 0.154639
16 0.828185 0.917526 0.305019 0.154639
0 0.249035 0.871134 0.181467 0.247423
6 0.249035 0.871134 0.181467 0.247423
15 0.249035 0.871134 0.181467 0.247423
2 0.729730 0.134021 0.154440 0.082474
7 0.729730 0.134021 0.154440 0.082474
16 0.729730 0.134021 0.154440 0.082474
0 0.438224 0.773196 0.235521 0.350515
6 0.438224 0.773196 0.235521 0.350515
16 0.438224 0.773196 0.235521 0.350515
0 0.117761 0.716495 0.166023 0.195876
10 0.117761 0.716495 0.166023 0.195876
15 0.117761 0.716495 0.166023 0.195876
0 0.959459 0.239691 0.073359 0.479381
11 0.959459 0.239691 0.073359 0.479381
15 0.959459 0.239691 0.073359 0.479381
