2 0.900000 0.051913 0.192727 0.103825
7 0.900000 0.051913 0.192727 0.103825
16 0.900000 0.051913 0.192727 0.103825
3 0.498182 0.920765 0.996364 0.147541
6 0.498182 0.920765 0.996364 0.147541
17 0.498182 0.920765 0.996364 0.147541
2 0.498182 0.653005 0.996364 0.639344
14 0.498182 0.653005 0.996364 0.639344
17 0.498182 0.653005 0.996364 0.639344
3 0.536364 0.128415 0.483636 0.256831
12 0.536364 0.128415 0.483636 0.256831
16 0.536364 0.128415 0.483636 0.256831
4 0.100000 0.874317 0.076364 0.120219
6 0.100000 0.874317 0.076364 0.120219
16 0.100000 0.874317 0.076364 0.120219
