0 0.071429 0.061856 0.142857 0.123711
7 0.071429 0.061856 0.142857 0.123711
15 0.071429 0.061856 0.142857 0.123711
0 0.750965 0.878866 0.490347 0.231959
6 0.750965 0.878866 0.490347 0.231959
16 0.750965 0.878866 0.490347 0.231959
0 0.895753 0.703608 0.092664 0.108247
11 0.895753 0.703608 0.092664 0.108247
15 0.895753 0.703608 0.092664 0.108247
2 0.030888 0.445876 0.061776 0.097938
10 0.030888 0.445876 0.061776 0.097938
15 0.030888 0.445876 0.061776 0.097938
0 0.835907 0.752577 0.065637 0.082474
11 0.835907 0.752577 0.065637 0.082474
15 0.835907 0.752577 0.065637 0.082474
2 0.110039 0.829897 0.220077 0.082474
10 0.110039 0.829897 0.220077 0.082474
15 0.110039 0.829897 0.220077 0.082474
