4 0.955598 0.252577 0.081081 0.164948
11 0.955598 0.252577 0.081081 0.164948
16 0.955598 0.252577 0.081081 0.164948
3 0.855212 0.092784 0.281853 0.185567
7 0.855212 0.092784 0.281853 0.185567
16 0.855212 0.092784 0.281853 0.185567
2 0.611969 0.048969 0.081081 0.097938
7 0.611969 0.048969 0.081081 0.097938
16 0.611969 0.048969 0.081081 0.097938
0 0.496139 0.672680 0.474903 0.427835
13 0.496139 0.672680 0.474903 0.427835
16 0.496139 0.672680 0.474903 0.427835
2 0.048263 0.742268 0.096525 0.123711
10 0.048263 0.742268 0.096525 0.123711
16 0.048263 0.742268 0.096525 0.123711
0 0.196911 0.507732 0.146718 0.097938
10 0.196911 0.507732 0.146718 0.097938
15 0.196911 0.507732 0.146718 0.097938
0 0.600386 0.768041 0.057915 0.082474
6 0.600386 0.768041 0.057915 0.082474
15 0.600386 0.768041 0.057915 0.082474
0 0.967181 0.865979 0.057915 0.103093
11 0.967181 0.865979 0.057915 0.103093
15 0.967181 0.865979 0.057915 0.103093
