2 0.891892 0.193299 0.208494 0.386598
11 0.891892 0.193299 0.208494 0.386598
16 0.891892 0.193299 0.208494 0.386598
4 0.104247 0.164948 0.208494 0.329897
10 0.104247 0.164948 0.208494 0.329897
16 0.104247 0.164948 0.208494 0.329897
3 0.312741 0.631443 0.625483 0.726804
13 0.312741 0.631443 0.625483 0.726804
17 0.312741 0.631443 0.625483 0.726804
2 0.729730 0.082474 0.092664 0.164948
7 0.729730 0.082474 0.092664 0.164948
16 0.729730 0.082474 0.092664 0.164948
0 0.857143 0.847938 0.277992 0.293814
6 0.857143 0.847938 0.277992 0.293814
16 0.857143 0.847938 0.277992 0.293814
0 0.660232 0.567010 0.486486 0.711340
13 0.660232 0.567010 0.486486 0.711340
16 0.660232 0.567010 0.486486 0.711340
0 0.229730 0.203608 0.088803 0.097938
12 0.229730 0.203608 0.088803 0.097938
15 0.229730 0.203608 0.088803 0.097938
0 0.386100 0.162371 0.123552 0.170103
12 0.386100 0.162371 0.123552 0.170103
15 0.386100 0.162371 0.123552 0.170103
0 0.457529 0.536082 0.096525 0.113402
13 0.457529 0.536082 0.096525 0.113402
15 0.457529 0.536082 0.096525 0.113402
