2 0.276364 0.786885 0.247273 0.415301
6 0.276364 0.786885 0.247273 0.415301
16 0.276364 0.786885 0.247273 0.415301
2 0.145455 0.792350 0.290909 0.404372
10 0.145455 0.792350 0.290909 0.404372
16 0.145455 0.792350 0.290909 0.404372
2 0.909091 0.327869 0.174545 0.655738
11 0.909091 0.327869 0.174545 0.655738
16 0.909091 0.327869 0.174545 0.655738
2 0.267273 0.581967 0.069091 0.092896
10 0.267273 0.581967 0.069091 0.092896
16 0.267273 0.581967 0.069091 0.092896
2 0.045455 0.297814 0.090909 0.234973
10 0.045455 0.297814 0.090909 0.234973
16 0.045455 0.297814 0.090909 0.234973
