4 0.934426 0.670909 0.120219 0.120000
11 0.934426 0.670909 0.120219 0.120000
16 0.934426 0.670909 0.120219 0.120000
2 0.497268 0.316364 0.994536 0.254545
8 0.497268 0.316364 0.994536 0.254545
16 0.497268 0.316364 0.994536 0.254545
2 0.497268 0.081818 0.994536 0.163636
7 0.497268 0.081818 0.994536 0.163636
16 0.497268 0.081818 0.994536 0.163636
4 0.896175 0.934545 0.196721 0.123636
6 0.896175 0.934545 0.196721 0.123636
16 0.896175 0.934545 0.196721 0.123636
4 0.333333 0.830909 0.666667 0.330909
6 0.333333 0.830909 0.666667 0.330909
17 0.333333 0.830909 0.666667 0.330909
0 0.366120 0.234545 0.131148 0.098182
9 0.366120 0.234545 0.131148 0.098182
16 0.366120 0.234545 0.131148 0.098182
