2 0.138996 0.072165 0.169884 0.144330
7 0.138996 0.072165 0.169884 0.144330
16 0.138996 0.072165 0.169884 0.144330
0 0.326255 0.878866 0.220077 0.231959
6 0.326255 0.878866 0.220077 0.231959
16 0.326255 0.878866 0.220077 0.231959
2 0.911197 0.322165 0.169884 0.644330
11 0.911197 0.322165 0.169884 0.644330
16 0.911197 0.322165 0.169884 0.644330
0 0.832046 0.664948 0.104247 0.175258
11 0.832046 0.664948 0.104247 0.175258
15 0.832046 0.664948 0.104247 0.175258
0 0.075290 0.523196 0.088803 0.108247
10 0.075290 0.523196 0.088803 0.108247
15 0.075290 0.523196 0.088803 0.108247
0 0.544402 0.796392 0.077220 0.097938
6 0.544402 0.796392 0.077220 0.097938
15 0.544402 0.796392 0.077220 0.097938
