0 0.109665 0.324468 0.092937 0.095745
10 0.109665 0.324468 0.092937 0.095745
16 0.109665 0.324468 0.092937 0.095745
3 0.360595 0.098404 0.074349 0.090426
7 0.360595 0.098404 0.074349 0.090426
16 0.360595 0.098404 0.074349 0.090426
3 0.098513 0.148936 0.063197 0.085106
10 0.098513 0.148936 0.063197 0.085106
16 0.098513 0.148936 0.063197 0.085106
0 0.275093 0.154255 0.074349 0.095745
7 0.275093 0.154255 0.074349 0.095745
15 0.275093 0.154255 0.074349 0.095745
3 0.184015 0.095745 0.063197 0.085106
7 0.184015 0.095745 0.063197 0.085106
16 0.184015 0.095745 0.063197 0.085106
0 0.888476 0.367021 0.215613 0.255319
11 0.888476 0.367021 0.215613 0.255319
16 0.888476 0.367021 0.215613 0.255319
