2 0.513333 0.900000 0.386667 0.191111
6 0.513333 0.900000 0.386667 0.191111
16 0.513333 0.900000 0.386667 0.191111
2 0.573333 0.664444 0.844444 0.662222
14 0.573333 0.664444 0.844444 0.662222
17 0.573333 0.664444 0.844444 0.662222
0 0.073333 0.708889 0.146667 0.084444
10 0.073333 0.708889 0.146667 0.084444
15 0.073333 0.708889 0.146667 0.084444
0 0.733333 0.435556 0.115556 0.124444
11 0.733333 0.435556 0.115556 0.124444
15 0.733333 0.435556 0.115556 0.124444
0 0.624444 0.542222 0.075556 0.080000
13 0.624444 0.542222 0.075556 0.080000
15 0.624444 0.542222 0.075556 0.080000
