2 0.548729 0.067757 0.105932 0.135514
7 0.548729 0.067757 0.105932 0.135514
16 0.548729 0.067757 0.105932 0.135514
2 0.233051 0.123832 0.466102 0.247664
12 0.233051 0.123832 0.466102 0.247664
17 0.233051 0.123832 0.466102 0.247664
3 0.872881 0.042056 0.110169 0.084112
7 0.872881 0.042056 0.110169 0.084112
16 0.872881 0.042056 0.110169 0.084112
2 0.887712 0.313084 0.114407 0.149533
11 0.887712 0.313084 0.114407 0.149533
16 0.887712 0.313084 0.114407 0.149533
2 0.949153 0.257009 0.093220 0.084112
11 0.949153 0.257009 0.093220 0.084112
16 0.949153 0.257009 0.093220 0.084112
2 0.644068 0.595794 0.601695 0.406542
13 0.644068 0.595794 0.601695 0.406542
16 0.644068 0.595794 0.601695 0.406542
