2 0.808880 0.304124 0.374517 0.443299
11 0.808880 0.304124 0.374517 0.443299
17 0.808880 0.304124 0.374517 0.443299
4 0.942085 0.546392 0.108108 0.195876
11 0.942085 0.546392 0.108108 0.195876
16 0.942085 0.546392 0.108108 0.195876
2 0.648649 0.139175 0.332046 0.144330
7 0.648649 0.139175 0.332046 0.144330
16 0.648649 0.139175 0.332046 0.144330
0 0.944015 0.770619 0.104247 0.293814
11 0.944015 0.770619 0.104247 0.293814
15 0.944015 0.770619 0.104247 0.293814
0 0.631274 0.783505 0.266409 0.371134
6 0.631274 0.783505 0.266409 0.371134
16 0.631274 0.783505 0.266409 0.371134
2 0.839768 0.533505 0.119691 0.149485
11 0.839768 0.533505 0.119691 0.149485
16 0.839768 0.533505 0.119691 0.149485
0 0.142857 0.085052 0.100386 0.149485
7 0.142857 0.085052 0.100386 0.149485
15 0.142857 0.085052 0.100386 0.149485
2 0.042471 0.554124 0.084942 0.654639
10 0.042471 0.554124 0.084942 0.654639
15 0.042471 0.554124 0.084942 0.654639
