3 0.613900 0.935567 0.061776 0.118557
6 0.613900 0.935567 0.061776 0.118557
16 0.613900 0.935567 0.061776 0.118557
0 0.739382 0.940722 0.158301 0.108247
6 0.739382 0.940722 0.158301 0.108247
15 0.739382 0.940722 0.158301 0.108247
2 0.465251 0.255155 0.166023 0.231959
9 0.465251 0.255155 0.166023 0.231959
16 0.465251 0.255155 0.166023 0.231959
2 0.727799 0.391753 0.057915 0.092784
11 0.727799 0.391753 0.057915 0.092784
15 0.727799 0.391753 0.057915 0.092784
0 0.722008 0.850515 0.115830 0.113402
6 0.722008 0.850515 0.115830 0.113402
15 0.722008 0.850515 0.115830 0.113402
0 0.654440 0.932990 0.065637 0.082474
6 0.654440 0.932990 0.065637 0.082474
15 0.654440 0.932990 0.065637 0.082474
