2 0.900000 0.095628 0.192727 0.191257
7 0.900000 0.095628 0.192727 0.191257
16 0.900000 0.095628 0.192727 0.191257
2 0.394545 0.497268 0.672727 0.994536
14 0.394545 0.497268 0.672727 0.994536
16 0.394545 0.497268 0.672727 0.994536
0 0.060000 0.169399 0.120000 0.251366
10 0.060000 0.169399 0.120000 0.251366
15 0.060000 0.169399 0.120000 0.251366
0 0.118182 0.718579 0.236364 0.551913
10 0.118182 0.718579 0.236364 0.551913
16 0.118182 0.718579 0.236364 0.551913
0 0.780000 0.185792 0.127273 0.185792
12 0.780000 0.185792 0.127273 0.185792
15 0.780000 0.185792 0.127273 0.185792
0 0.781818 0.349727 0.160000 0.174863
11 0.781818 0.349727 0.160000 0.174863
15 0.781818 0.349727 0.160000 0.174863
0 0.689091 0.163934 0.076364 0.131148
12 0.689091 0.163934 0.076364 0.131148
15 0.689091 0.163934 0.076364 0.131148
