2 0.272201 0.497423 0.544402 0.994845
10 0.272201 0.497423 0.544402 0.994845
17 0.272201 0.497423 0.544402 0.994845
0 0.245174 0.286082 0.173745 0.221649
10 0.245174 0.286082 0.173745 0.221649
15 0.245174 0.286082 0.173745 0.221649
0 0.911197 0.123711 0.084942 0.144330
7 0.911197 0.123711 0.084942 0.144330
15 0.911197 0.123711 0.084942 0.144330
0 0.544402 0.806701 0.193050 0.335052
6 0.544402 0.806701 0.193050 0.335052
16 0.544402 0.806701 0.193050 0.335052
0 0.872587 0.301546 0.123552 0.149485
11 0.872587 0.301546 0.123552 0.149485
15 0.872587 0.301546 0.123552 0.149485
0 0.461390 0.618557 0.073359 0.103093
13 0.461390 0.618557 0.073359 0.103093
15 0.461390 0.618557 0.073359 0.103093
