0 0.060000 0.806667 0.120000 0.075556
10 0.060000 0.806667 0.120000 0.075556
16 0.060000 0.806667 0.120000 0.075556
0 0.502222 0.911111 0.302222 0.168889
6 0.502222 0.911111 0.302222 0.168889
16 0.502222 0.911111 0.302222 0.168889
0 0.306667 0.946667 0.106667 0.097778
6 0.306667 0.946667 0.106667 0.097778
15 0.306667 0.946667 0.106667 0.097778
0 0.431111 0.877778 0.080000 0.102222
6 0.431111 0.877778 0.080000 0.102222
15 0.431111 0.877778 0.080000 0.102222
4 0.286667 0.731111 0.262222 0.111111
6 0.286667 0.731111 0.262222 0.111111
15 0.286667 0.731111 0.262222 0.111111
