2 0.050909 0.092896 0.101818 0.185792
7 0.050909 0.092896 0.101818 0.185792
16 0.050909 0.092896 0.101818 0.185792
2 0.280000 0.751366 0.450909 0.245902
6 0.280000 0.751366 0.450909 0.245902
16 0.280000 0.751366 0.450909 0.245902
0 0.820000 0.885246 0.156364 0.120219
6 0.820000 0.885246 0.156364 0.120219
15 0.820000 0.885246 0.156364 0.120219
0 0.805455 0.754098 0.083636 0.109290
11 0.805455 0.754098 0.083636 0.109290
15 0.805455 0.754098 0.083636 0.109290
2 0.200000 0.581967 0.400000 0.114754
10 0.200000 0.581967 0.400000 0.114754
16 0.200000 0.581967 0.400000 0.114754
2 0.243636 0.412568 0.487273 0.158470
10 0.243636 0.412568 0.487273 0.158470
16 0.243636 0.412568 0.487273 0.158470
