0 0.044643 0.906667 0.089286 0.060000
10 0.044643 0.906667 0.089286 0.060000
15 0.044643 0.906667 0.089286 0.060000
0 0.083333 0.968333 0.166667 0.056667
6 0.083333 0.968333 0.166667 0.056667
15 0.083333 0.968333 0.166667 0.056667
4 0.898810 0.033333 0.142857 0.066667
7 0.898810 0.033333 0.142857 0.066667
15 0.898810 0.033333 0.142857 0.066667
0 0.154762 0.903333 0.130952 0.080000
6 0.154762 0.903333 0.130952 0.080000
15 0.154762 0.903333 0.130952 0.080000
0 0.104167 0.610000 0.089286 0.080000
10 0.104167 0.610000 0.089286 0.080000
15 0.104167 0.610000 0.089286 0.080000
