2 0.393140 0.898496 0.195251 0.187970
6 0.393140 0.898496 0.195251 0.187970
16 0.393140 0.898496 0.195251 0.187970
2 0.143799 0.154135 0.282322 0.308271
7 0.143799 0.154135 0.282322 0.308271
16 0.143799 0.154135 0.282322 0.308271
2 0.715040 0.236842 0.564644 0.473684
9 0.715040 0.236842 0.564644 0.473684
16 0.715040 0.236842 0.564644 0.473684
2 0.523747 0.184211 0.145119 0.263158
12 0.523747 0.184211 0.145119 0.263158
16 0.523747 0.184211 0.145119 0.263158
0 0.658311 0.466165 0.192612 0.330827
13 0.658311 0.466165 0.192612 0.330827
15 0.658311 0.466165 0.192612 0.330827
2 0.813984 0.496241 0.229551 0.300752
11 0.813984 0.496241 0.229551 0.300752
16 0.813984 0.496241 0.229551 0.300752
