2 0.716216 0.072165 0.559846 0.144330
2 0.181467 0.920103 0.362934 0.149485
2 0.478764 0.945876 0.262548 0.097938
2 0.223938 0.113402 0.138996 0.175258
2 0.930502 0.502577 0.131274 0.087629
2 0.133205 0.164948 0.196911 0.329897
2 0.038610 0.188144 0.077220 0.118557
3 0.380309 0.713918 0.305019 0.427835
0 0.173745 0.520619 0.347490 0.628866
2 0.795367 0.755155 0.401544 0.108247
0 0.600386 0.412371 0.142857 0.144330
0 0.924710 0.873711 0.142857 0.242268
2 0.706564 0.492268 0.216216 0.108247
2 0.090734 0.342784 0.127413 0.139175